rraa,200,250,300,400,500,1000

2,Cent0to10,300,400,500,1000
2,Cent10to30,200,250,300,400,500,1000
2,Cent30to50,200,250,300,400
2,Cent50to90,200,250,300,400

3,Cent0to10,300,400,500,1000
3,Cent10to30,200,250,300,400,500,1000
3,Cent30to50,200,250,300,400
3,Cent50to90,200,250,300,400

4,Cent0to10,400,500,1000
4,Cent10to30,300,400,500,1000
4,Cent30to50,250,300,400
4,Cent50to90,200,250,300,400

6,Cent0to10,400,500,1000
6,Cent10to30,300,400,500,1000
6,Cent30to50,250,300,400
6,Cent50to90,200,250,300,400

8,Cent0to10,400,500,1000
8,Cent10to30,400,500,1000
8,Cent30to50,250,300,400
8,Cent50to90,250,300,400

10,Cent0to10,500,1000
10,Cent10to30,400,500,1000
10,Cent30to50,250,300,400
10,Cent50to90,250,300,400

